92011263819
63062869743
73100693535
67110357468
61020457454
87031464874
75072161467
53123037189
58050771953
71060992329
96070733834
96122691174
51102586466
96051364321
90062466571
91020896597
52081058191
48082031763
87080245666
92061642433
78021398587
88071594994
96031799598
77040579346
49092877871
66071877556
98091216169
86040257721
71112045917
93032529713
97021573772
58102734899
81070343941
75102251719
56121239393
85060272161
55061834868
84061428663
93112136594
43060774281
61022375541
81122499693
64061241295
76071681886
84092669921
69030941211
88120523267
50080197592
88051042143
63122238511
61061859617
77101446321
92011216688
83121268212
51061462395
88042414487
77021645361
76120837996
89011785669
44040299879
53100242557
00251099846
77091183158
52072028817
43112845439
76062231768
98082797198
47012482961
51101142869
46062421175
83011434363
76091283936
88112738495
50031031717
77122638226
61100897844
73051867412
02221299254
96121946534
61020818666
57103068376
83052134327
60113034831
64071856456
52092641216
49010849878
97011242497
55071485515
62042134123
75040374893
63032835235
79080312444
72082116573
43111275772
88011921428
61092274328
61083129411
95070949922
61111412786
64032482229
56051024926
90051319794
65100851523
80080773737
54062737613
60033135685
77040341642
69030889498
53010462661
72052154938
77070356773
85051393774
96042728886
84010525687
87090719933
73022529837
50061285812
77122975837
58101952775
94031755727
59042151935
96081763581
46121822242
98092761354
74073135136
85081728533
86041892873
62021985384
45092191133
45060939589
76031096673
65052295251
48062467634
96032222549
77080362278
81120736398
02310146269
80051039264
55092249361
49090272289
44081643633
73102913417
88100735615
78120721826
96011248328
78120939371
65060943164
74060183896
49083018166
66072477182
97080792631
43101491692
75100211986
63102734824
95091997834
84072273911
76073118298
84010736715
47022886285
55031246264
86040596662
88021871281
90070867818
57051451552
01281586647
59060763998
88020656843
45101096334
72090417219
68072249352
52060437214
45031617784
95070358984
54020825781
60040452737
74072361969
48122873647
80101989611
52111754772
89071633715
50113013378
86032634611
84062893581
47070945798
67070219266
01281336716
83010188881
74111538198
63012058922
58063074498
80022027975
80012914568
44090247242
47101032312
73061867352
72103056978
73010483277
93020838922
99111552238
65110672947
62111461619
98122878241
96042269259
81062653621
82021589395
77022437525
84080321563
72112151156
65072522212
44070615582
98031148662
88022972752
80112389862
00292678561
56120648738
59012851665
52061642383
60110937465
00211348281
59111757996
59042192785
00230718962
80062148645
94110611351
50040674938
86121857952
80020716798
56111927648
57122895371
67061096759
89120567437
44091867546
51081925966
85090485317
94020371127
84011651664
59082192475
66081456989
69080711671
85122294425
72122512611
63121874413
98092556949
87031976515
77061745355
45102774914
95052421363
88061456774
83051777998
94081192224
82092495171
96032862642
76110134818
44012184879
73120125274
51012513217
82042427771
76071814936
96112266119
50080787546
54080877364
73072425299
46030249341
44102533613
49100212971
89090733814
76052575542
68072217382
87110291229
68112822624
76070541543
45061979313
55100192368
83092693798
82090125157
99072033117
98060837562
66050544668
81030718392
71031326135
91111582323
65021523851
57091294526
60053061227
90012616612
60100222627
43101987553
50052176149
01252017532
95061822937
84060776934
68072021989
90070573557
68112267582
75050856116
02230989252
00292925953
70051151383
89110918577
84091955438
80113051467
76072546133
51062262147
00321835444
46010553897
58012539218
53041518937
83010447766
48031768825
81102391566
65032129859
69082367573
50041366843
44053011734
69082512775
02312191854
45090468844
88102812321
83050881719
80111083361
92033082117
49112791831
99051332666
52011283123
02322648333
94051446634
75030645864
52053151752
79123066996
52112084238
01312042177
77041823178
90032636238
47021841746
82060639262
83102332624
60062788252
88100642823
77062982777
97050137497
99122856394
83021745758
47101644357
74092822569
75040749927
50102481139
64070333224
55120942569
90070879813
71071467993
82082318332
89042829442
85012753638
87053184688
69031814644
61092963927
64072964934
89012726166
71090357194
45092863784
02291821544
90031754728
01232791957
75091687283
74122389435
43011528136
47022031388
46041126666
68022841627
47102978848
88012654749
64050322174
64103013145
79042047519
76071428751
75081577459
99101644554
99010583656
68092562125
64052266829
80111086425
78072376668
77091051389
83060923285
86011926993
54121862249
58090359524
50042248926
94032361598
99051127879
99080458119
70030139445
46013158273
81051855177
69072591357
57101298227
57073162869
81012877491
96062026733
99081974153
49110535323
47030288226
65110163636
64112021346
47041531393
68062821557
48080758323
02323122557
79120579631
83071414752
55050127685
96072814643
94080414392
73061428766
94100115243
02281218439
01282091519
77020114619
88100393422
57071529895
73070352849
61103057119
50092925471
55021289718
02281462265
72010675662
47122147646
98112942952
82061111941
62030355897
68030335459
60061283147
93122199879
80071032115
96030234218
54050737546
66011546245
58062679878
76072426222
93072645174
71061788679
57011478735
88011883124
65072822664
92010387978
46012733657
72111369473
46110345444
82060972459
72083117634
45030743411
51011745626
00242116813
49010827283
50072814683
91082628581
47030811619
85041295228
77070436668
02212279232
81050665139
51052019847
53111419818
94040379424
61030963312
88062957175
70062468155
74060293414
70020328499
94121346996
99032757594
66042632278
79021524958
82102746615
43021499811
53072479733
68012077274
83080351732
99030233324
90012661698
99090315347
78050792972
74121062395
96031761928
46091314387
44071824211
67121495823
81060943645
71061552731
43043063221
76051662865
58031073946
90050813718
63102525446
53011624381
45061534172
66021413148
54111457457
81032327295
95071187994
50042927942
82081138236
43040124329
68041685219
55050965599
78050288826
73091348751
70040534432
54071797866
51111462881
87061326924
76071778764
00271075596
53041765186
73100799255
52051462643
58041344711
97111053186
92111552277
97060185613
50110197925
73053183888
66072415885
59102815799
79080985853
76081646569
85082075757
61011321399
74070768164
73062646336
89120768319
81041392118
73100345586
88102178821
61042714726
84021034769
56091491667
58100844969
91051599324
99110673684
81052883289
79030336432
81120869366
99071477464
57012695632
44082126399
67081039886
69042372553
85032498841
46082228651
72041771148
64011237767
68062782481
52031537682
57121419725
63122173498
72070928186
91033151353
85022693955
95080485179
94020829781
96021089755
70101952746
64090941557
89011262818
85011482544
57072319958
59101079246
50103021767
96032539717
45072457686
95063073485
68030439252
59052121524
87021954332
77071378879
46082327688
86120891799
93090547661
45062757396
80042868945
88032192272
58081384878
67091727249
46021359134
94033056772
93052286856
72101618293
74020432347
88071243232
54010745819
87061998783
56040659533
91022616917
45032455161
52071837137
69073116854
65082376362
94080232712
67012197713
98012447652
45031715178
76012278434
75011612944
78071464616
65101328365
79012663527
83110471496
96102225542
86030649178
63050626417
77081834572
00262695431
49101884944
02312052177
74112448186
60071092511
50061764179
98031152393
51032229859
72122863526
60012587115
58032279648
56010713935
57051372675
46082563666
86050668632
60091652445
90032489379
75010959969
92010691389
97070978825
74082478813
96120321518
98012864745
65013021134
97042224143
00242553667
79120547555
67100794617
95031257196
83111377425
45051478583
88061184237
76052918958
00252023374
45082452675
57032588699
98110446267
51111312391
54090485887
82120954638
44092154212
65111571375
66062158277
02292957569
87050985572
48051857844
78103188312
48082886158
79072333936
77061082379
01283062138
80042985686
01241752866
62060999119
78080328392
73070272862
58021012335
90041352965
80050449594
50011318878
66013064594
00323079824
43032017695
76081938286
78102887724
67091319981
89020654473
02310455958
53042383495
79032778586
95081227512
91040576127
64073196662
88090361991
55042474562
99112399959
02271192262
52063094188
96091638345
45111524498
49071779158
49051026685
54020166686
98081512349
99013049539
89031077548
89012515663
45071164815
52101434927
63032444222
79071312374
71081013164
72081861481
47072775159
51012721793
95062384559
57050372935
56120896513
45070971355
96052846277
00231699693
90031978951
75032351228
52051073366
48070669725
49022747199
64112542294
47112762143
61123138854
43102314136
01302885634
89090883885
57083159666
97060694542
66111038631
53082273673
46102665325
90041193285
58062114214
81042089912
45010345437
89040257494
46111022146
70102472319
84091528861
96072218423
65081915427
69032422875
48040612331
51070575758
61121674217
73040273518
84010947676
52022186211
96011472738
89070886817
00250161687
73022471226
46092443992
85061924524
53081383568
02301426187
99062525271
73041949889
92012492865
91100575682
83072352235
85031793282
75012028995
01270977872
96070262318
90070439783
67092262998
91042252896
59120217519
54122639341
45111385646
63011679595
48020323547
66012075575
77081726369
65071119677
72083195674
96010413572
73062414829
52101144516
97043037892
58012287159
47101375158
76021246381
55061725562
58103112812
51072521221
98040513682
78040414565
68041934276
89032181626
83042087464
79112041742
57071222538
82122547645
80102764233
70062718793
74100468398
44090318326
48012593662
55022659785
99030686771
97101376215
56080439186
68041717965
87020147276
89111029157
01301434228
92030371124
48030383416
91121475242
62122198874
99070388233
87082522475
66041469622
90092787213
72071615942
70101783988
92102116569
48101399131
94071347975
83112959286
99031852825
94042571824
96051069714
72033076363
88011028385
53091754118
56013155347
45032255372
71050946716
02290479335
92082999338
97061615555
69050494841
91090382769
58081623795
82041957585
59072379295
56072426484
58083113368
64052388497
60111283183
70032894544
74012381563
79122659128
57030813641
80110752583
79052129971
50022265835
01262977336
63111571227
52010215736
81090154653
96083018788
73040539155
95092166875
86040295622
87070977818
75081819416
77110772374
51031512349
62102749733
01252319399
97070487327
73062451354
60070688524
76123046449
70072593263
67040261574
80101433578
43062271229
62072366282
79070377217
84033131724
95042879127
01242955428
58071946213
76091273421
87082899634
85072932266
85021749299
48052729771
81101752434
84060664772
49052164476
76081956662
86102543593
92111029355
67112426647
91120538487
70062714812
51032862573
67041377463
69120785857
71020137678
45080493298
61061093815
53121869782
91020832892
51032398788
86070591134
70010443236
49021037549
64091576798
01272791111
02282451369
65031696846
94100897941
96073136993
73111283435
84101114631
45061039578
99042138291
64122972766
44042793555
95102251366
43072159317
94073189751
94062279311
70092215835
60010641864
90120551229
54020434433
92043045188
87081056443
79070239265
73072723144
78082729894
73100431661
02220272351
95041128345
46082344797
00261755864
98051425918
55021728622
53120695463
64070374357
97011447991
76050265472
93122218185
79021177125
78031424658
97032439793
48040488396
72120912857
93080786733
62042561592
62041227312
91042098449
02302458767
72080966521
88010751837
57122142466
44112539252
82120615773
97032213629
45030624969
78011171442
67111911713
62050288573
81092817927
74050915854
55062925619
77052482412
96102646226
62112662613
69112561751
70122165679
62071374321
96010346218
65050537241
49020865758
95100971318
50072456276
51111771747
87110692143
50102171531
00311422531
71091529251
45102639569
83112598814
87111595353
00321148571
77111663718
76051644649
79030366936
50042412765
91012728345
48052661679
50071478558
43103018855
74121014927
67021765884
69020212213
91070862445
91092197792
86011674728
70051461431
87111614416
46061455339
53050563144
57080254296
86092832374
80031329857
77020967422
69120489522
48042635581
76052855714
86062781514
98122898117
54042764174
53080866264
75021555356
97091546599
77021752528
49091016884
71032084788
95012575495
80043051726
43010917841
64122917893
78052477459
75021683497
97030317394
68122366367
94081547598
66030178258
82080648167
69082476534
71011899613
74062021422
63083151379
98050614469
62122315772
43022753561
82041369496
87010328168
89101249729
47090661333
93100588422
85030314725
59082544432
01210922975
50011088397
55022868569
59090817966
66080681681
83011263374
78102163572
45051845169
99100935875
64010324189
97021682795
45072045263
51061871296
00260269416
48091111421
87010398596
66110364683
81062716698
59050143371
55031852777
51121552572
54031317877
01241682349
78020678156
99111774773
01271066225
62122724871
01232848765
60102193613
63061372592
90073124415
02312587732
51090882331
49122084895
02252489578
70022617449
43121272749
86042784348
50071583911
53052819533
86030395291
89052736446
56122025629
67040575619
81071942712
02310776512
93012655959
52072495363
49071796625
96100357719
89102973737
83102766793
99012494439
85082421534
50120334868
57091267742
83032663977
69091493249
90032573452
96122159748
85083055477
46041089882
75122894374
78100346216
82010632291
83073193653
65021384924
02301381367
64021412136
83062379381
85082469756
96030582533
80121238625
77083153378
97082676647
94120613972
64061521122
68082893965
98050255884
00312071161
43040858338
98121553967
71100936445
76110382297
52102717528
71071987758
43021695293
65112494451
53011089337
74121967898
45091757871
74081465627
61062645561
02231143332
44062261773
94062428159
72042486915
76082024414
74122715339
89020426182
68022286189
66012374964
51092555929
70021878795
77070421783
64052571972
66100196894
87051045361
94101561388
72082037672
44061588112
45061026275
63100243625
62111521782
57021137138
84040868969
48051411275
72063073578
76072428873
44123035819
52012754945
55081139392
62083075214
49111084956
99062036997
59100753244
46101926333
91053162892
63071293593
57071238933
78012686253
50090195973
95022666927
91042355742
67061444392
99012623912
55012493342
52091041284
60010763371
69112612488
84060455783
99121631383
69061843324
01320245832
64100123933
53052764529
00211276854
94121166493
85120248266
72051287136
60040991863
47100481681
79112689881
61090947439
80122658611
98122168447
79081771912
88121977683
96061197627
67102025647
64112568647
99072933943
52042519411
92012435419
99022311832
92062799677
92071893878
93090555198
43042283338
91040792581
60100136313
01231297119
55040761866
79083182875
75022034889
70041935249
98070394877
44110542687
74020823268
62093068512
65070344492
61111325167
71102461183
02310893963
79050479139
57042757588
68110426226
64102028168
92110764864
77073061715
96030669678
58021547761
63060729784
62061284395
95061973893
61073087211
49072332846
02252398511
47052239895
44071217271
59103162159
78040431353
80081052112
84030231762
67122343187
95122343494
73050772117
66031724298
84082467153
68040753124
51042322799
61071182277
64071831141
69062438143
02323196873
95031197399
65031583829
00222786326
63090573447
45071394757
58070495466
49060219568
64092724541
80021977486
90042668223
93073082941
68052599417
89051836789
55062064914
57052343492
96082839881
82102426939
76042164143
97073099352
68031474524
68021329649
76061818731
71100159738
92101945717
86021382576
83110748525
01251879461
47010169444
43030146654
66060533252
75041978713
51101869274
76091923432
85092892351
77061098255
45090773577
61032942788
71102354933
80020543936
90121017883
53010294675
97091295394
66012836617
47121356315
45042917884
66102424975
77051624473
50110966877
65100745336
53020975465
63061695134
97100274828
78112226434
61122089229
62011628165
81040154863
87080856624
73102873517
46112897864
93011992233
48040629713
99041461417
46010968862
61030235736
55072641468
86011048943
75011153881
82122826342
99021155453
85071622669
96111881687
82112659295
91090427459
66021086878
74121168213
68052688458
51012782655
02220636979
87111096748
64052166136
65012078298
64010671595
53072252385
79020759131
83040649819
77102178443
98021682549
93030318557
63041243977
83092315962
78042691162
63031963162
91122297559
88062548267
62101512482
63092745596
44020636577
46101182362
81011592737
90050728696
50021344416
80021072686
67102543486
47042766277
56122311487
74080935181
74070218348
57041559587
00310518372
66122031375
66090399514
90102074113
90101178917
43071487293
80031048943
82041972579
79121978842
00322214413
66010424357
70110952557
84010454176
69021473789
91011153119
62030542857
64021175679
55052719356
75062515876
68062897868
61122719425
52090273211
47100896113
62070529388
01292776532
66012819317
00230853812
85043054588
96013086247
50032782377
95052032475
98041919722
74091913145
89042233522
56112641387
53081831795
63090345132
66021524538
49091989553
80022326982
66061959664
61032046932
99072993484
49060151961
64070644625
65010175713
48052487141
62022043416
52082976265
95101112284
81092295675
02230891489
78090239796
76091031287
60082425658
88090895821
88012786679
71062973988
63080922967
96081465544
64043046797
90052826842
45042852532
80030369584
78122049683
89013033357
72122667786
02291773377
49111594411
60021186897
89011234897
54010964146
87081578859
82082032546
02310765525
71061442182
57031029698
99081891548
80040913296
93110766375
74052054973
83052799261
46082978129
83120796437
54113059824
90101779613
79121435439
79063061985
46110988823
60101299518
98112946765
79040114448
60081884579
53090948978
92010968982
77051683654
60102266133
89090253525
86052396575
02232529919
83061253987
48091532211
57061985971
70011926657
87120713537
92092645742
49100766227
60071723886
78052281391
46012472343
78041287472
71031551935
86032216466
61030326663
02302775198
85082962112
98102455921
69021029942
93041773824
69072528186
79022239725
96030351225
68032266641
58050314486
68101546562
73040774538
59032426771
45042745344
98040469518
00312021661
62101123389
73052799224
47120939933
56092618199
98022223239
71041865965
49101544781
57022183633
64020124872
67122462271
95010276916
66120615919
51043018271
58072695222
51033092322
50111759643
91080852818
95080917274
88043077731
00272696624
45052314941
96070398129
59090588431
01220954281
93110681416
55022719148
86022151649
59070654594
00302982242
60010159396
93012947829
75081385722
65071349847
79041655865
54052182184
83042868243
45091771819
67041774543
49110373633
95100975763
64072416684
94051536973
02261287253
60112377265
52111662486
79070318937
87101779316
94082458341
78082766381
99091742678
96082727759
84021658587
83020787661
01251056114
68111664786
56050553463
76062598399
56010142818
51122224412
78091095122
57101236173
65071739811
60101572172
02242247173
93032343177
74072774154
86092513965
57062044363
72112446692
56051033942
73082762993
91073067892
70010931847
52021353153
93060282893
54031565188
00221696873
50042334933
90092241937
44012353255
85061666992
72122632584
55022331797
58051856224
99022782276
70092916132
44122993147
47020459733
65021179199
85020584491
57012359893
56092658375
54102443298
00302227561
98090596776
43041455237
82110218623
95012611414
94112128118
84020754246
49082712672
69022518898
84122828997
76012075451
97112995373
75042549518
66012859258
90061043544
84071038935
64042477512
61081125754
93030997859
96031682881
60042123194
74052838465
67100325831
53083079483
96101956375
73063053227
90091466964
67071643167
98041428637
64092869217
84043048537
54091156399
60061826663
95112621298
58061216351
88032282818
75121271244
59082651835
86111815742
68070726497
59021395699
43030125282
91070469444
98122113997
54052762111
92030637389
67081757681
65013063121
50110961711
97101286174
95101361381
58051694411
61070869353
46091651882
73041481383
66071151838
51052827691
80012733637
52062686494
76092926397
48061633865
44101128854
46042529741
89040582734
62030573796
85040651382
56070183473
45033122693
02310315225
73061528428
54022037924
53040293653
79032082744
59022712989
89102315845
79101492562
60041289493
61042763881
75121948289
61012511917
53080725158
75022636524
99101919773
46072292785
76111244688
64122376447
79020821476
84080444385
58062068872
86092159743
01222012176
00321245162
62060541767
59020761886
89021753683
89122522254
93033067663
63081041982
80042395243
76122564241
60011733326
67022293281
46101179281
97031721831
88093016539
53091227292
57071725727
48120832981
98022078631
80042011787
67073169353
95092193673
44052828717
68021367663
54051941935
65021464758
88082546793
63120183776
54100186492
94012285179
94021547998
93111632732
68031994679
56040376832
51010838716
50021018298
63051867598
72041116921
68100798816
44122784974
69121911763
59080669722
93020724669
90120352479
44051391397
46111111842
80120656871
64103036731
99111122644
89030271417
63040146158
02252534278
99042998615
97031499457
57040529381
01242044346
61053097687
99080633266
59080522313
56060427974
82071994655
75081022126
53080433264
84070498628
74092858236
76011038682
96061264318
56083072371
78102541329
92100347855
70120814353
67040895166
01280384543
99062565129
81051753819
93090685439
59092172159
82102517361
98080368743
75062124542
88012518874
48050581434
74040788266
88103126946
80092142376
73030769935
44011132453
80122719181
86080346872
71052067848
86101698836
00251551391
82081073311
97042652896
02300859522
95011458588
97030321889
63091152328
73010374162
77082368357
57020335179
46110364319
64062975173
02210269613
79011575199
56032312196
51082045173
73051024183
85032459727
77080592264
44072752975
78061138114
98062346697
86022586658
44010554641
78112985881
81090391717
43021638397
02291648949
93030655526
80112759632
80102791468
57021378388
80022457149
73021794296
66031294966
63081379454
59010751929
93081153134
88060962991
66100838774
87051695542
62050917464
59121153113
61061641452
62010723113
57080423962
94072296711
63061549518
94103035874
74110761768
83042427433
46021758773
73062697721
68103198958
80091398228
78022795383
55051079783
65071614172
74041054119
62112968269
82041393192
53050315857
50012497112
65032984698
57091615873
45013071643
76093077986
93092986156
80071436957
74021513294
87062672444
63020759352
73080541956
48040484682
82050495131
87101863277
58081689393
89041543343
48072357598
02220349646
80011144913
98091538823
45123065624
72021666516
63051376137
73053196174
78080812367
83110989584
45062585535
89061214568
95042461845
95011919469
85110517563
73011175878
59112633462
56111866819
77072195938
98111746441
84052199945
45051413115
80071254278
67041472151
50101935615
56101952245
53030215568
71061094778
59020164191
00242036232
88092226148
02321061928
45090933722
76060864771
43091391844
64082273433
61122545891
70010229119
80093052234
82110363859
77080248394
88060511591
98020897481
61010968568
59080116378
44101967585
99122428559
95041954414
99101622839
73080617783
78111719119
68121019549
72102166412
96070393988
49062342176
77011817831
74022191471
93051251174
73091983217
98120887719
45092463632
80062788236
46101497477
90110563445
63052647436
65021955225
99121062169
86062017732
98111062314
63022689789
60120172894
82042388315
63081247173
51021294961
59020245964
98122426987
57111779938
63101937686
85123118472
82041999879
64081164978
52072584397
00302614679
82041729591
59020355254
82092448216
50041047649
87110255412
85062715329
97031698962
49072212874
61102133735
87072128533
44081633425
83020869596
53071668987
97062545235
75122368763
74100827881
92022722958
96122664468
92061733124
88063073838
64031359986
85121034561
61031177176
86072939529
97053143974
78051158744
88031734149
87101377729
88112377795
89091564765
59110647225
46011761266
43120489515
67111669531
84050728473
44121642653
51081942297
87060177361
68010596696
58051675874
88042541572
53040165192
53040447472
80081236169
69010526326
76120519489
60070778689
45031282782
90030139597
49051253593
55102154434
94092188869
85082021857
49092282365
82092125445
02212768271
99013095295
67102612254
46020386513
74061586988
83070773423
83061536855
93061635676
52080691786
72112398135
84122889651
02302786857
44030225873
80072197145
77070931422
86090281682